## czesc [EN] nie zgadza sie ze zrodlem (124)
6840
6930
55567
71423
71424
71474
81209
84320
84321
84337
84338
84339
89769
89770
89773
91336
91337
91338
91341
91342
91343
92136
93141
93142
93145
93146
93149
93150
93151
93152
93153
93154
93155
93156
93192
93193
93194
93195
93196
93216
93217
93218
93219
93220
93228
93229
93230
93231
93232
98261
98262
98263
98264
98415
98416
98417
98418
98419
98420
98421
98422
98516
98599
98600
98662
201043
201224
202143
204270
204405
204406
204407
204408
204409
206037
206038
206039
206436
206437
206438
206439
206440
206441
206442
206443
206444
206446
206448
206449
206451
206453
206455
206456
206511
206740
206741
206742
206750
206751
206754
206755
206904
206905
206906
206907
206908
206909
206913
206914
206945
206948
206949
206999
207260
207269
209180
209905
209906
209918
209919
209920
209921
209922
209923

## podwojne [EN] (1)
202674

